====
Degree 1 0.264885
Degree 2 0.301717
Degree 3 0.147545
Degree 4 0.0796393
Degree other 0.206215
Max degree: 2070
Average degree: 9204 28959 6.2927
Degree distribution linefit: -2.22904 0.999608
Assortative coefficient: -0.235625
Average neighbors' degree:
1 125.509
2 149.6
3 155.127
4 153.734
5 139.767
6 138.332
7 128.631
8 120.402
9 116.817
10 116.755
11 118.906
12 116.172
13 93.275
14 107.835
15 105.998
16 101.75
17 102.788
18 98.7842
19 94.322
20 86.7434
21 100.127
22 81.8097
23 104.14
24 83.0636
25 73.3278
26 80.1777
27 94.917
28 50.0444
29 61.856
30 79.5321
31 80.9745
32 77.0911
33 74.7572
34 85.0257
35 82.0652
36 82.7127
37 75.2275
38 75.4613
39 53.7918
40 59.2433
41 80.482
42 85.6473
43 65.8681
44 62.3132
45 69.9576
46 59.888
49 54.5238
50 77.5375
51 40.2895
52 53.7589
53 61.5913
54 25.6794
55 53.4203
56 40.8126
57 68.1045
58 65.3138
59 57.1741
60 60.2391
61 54.3782
62 68.2665
63 57.865
64 62.0262
65 51.5885
66 61.8803
68 59.8686
69 53.1994
71 52.6715
72 73.5729
73 47.8397
75 44.5808
76 51.0721
77 32.6951
78 48.5891
81 41.3648
82 54.0386
85 50.5572
87 49.1319
88 50.5673
90 55.1609
92 56.957
93 34.0965
101 40.8394
102 50.7155
106 49.4164
107 34.0106
111 45.418
119 50.3051
120 40.1126
123 42.31
124 32.762
126 36.6234
127 27.4809
130 34.0223
131 46.682
133 29.0347
135 42.6503
141 39.1279
143 40.6754
146 34.578
150 35.9962
155 35.9659
172 34.7209
177 26.9508
179 32.6351
180 35.4944
189 29.3495
191 28.7394
199 22.8613
201 31.0365
210 30.1286
213 28.4494
225 27.0338
232 22.2206
249 23.8506
252 26.2196
276 22.6821
289 24.7246
348 21.6717
373 20.6035
377 20.105
391 19.3038
422 17.3789
457 15.4609
545 15.2494
659 12.5149
665 11.4586
723 12.9589
762 11.1082
926 8.71317
1177 8.48551
1289 7.72208
1417 6.77264
2070 5.65873
#
Average neighbors' degree linefit: -0.382037 0.842618
Max clique: 16
Rich-club connectivity: 0.436216
DR data:
2 0.00115892
3 0.0026423
4 0.00495352
5 0.00802276
6 0.0114822
7 0.0150158
8 0.0191698
9 0.0234895
10 0.0278481
11 0.0329886
12 0.0381667
13 0.0443561
14 0.0502362
15 0.056402
16 0.0628221
17 0.0668703
18 0.073425
19 0.0788082
20 0.0867347
21 0.0925636
22 0.10388
23 0.113345
24 0.118464
25 0.125378
26 0.130932
27 0.143098
28 0.147886
29 0.152628
30 0.159604
31 0.173686
32 0.18102
33 0.191979
34 0.207619
35 0.222616
36 0.230739
37 0.238048
38 0.248653
39 0.255615
40 0.262918
41 0.267905
42 0.278553
43 0.282034
44 0.292777
45 0.306794
46 0.315207
49 0.336882
50 0.346871
51 0.349903
52 0.354791
53 0.362046
54 0.378571
55 0.384055
56 0.397822
57 0.402424
58 0.406102
59 0.413445
60 0.422396
61 0.431744
62 0.44819
63 0.456897
64 0.467579
65 0.477912
66 0.488106
68 0.492901
69 0.499838
71 0.512645
72 0.531655
73 0.533486
75 0.541862
76 0.558592
77 0.571554
78 0.584351
81 0.601442
82 0.614087
85 0.620072
87 0.628768
88 0.638798
90 0.646893
92 0.652835
93 0.656382
101 0.671679
102 0.681818
106 0.685522
107 0.689029
111 0.703919
119 0.710407
120 0.710588
123 0.719184
124 0.723639
126 0.737589
127 0.749306
130 0.768116
131 0.782828
133 0.783298
135 0.802879
141 0.804878
143 0.817949
146 0.823212
150 0.851351
155 0.867227
172 0.869875
177 0.876894
179 0.891129
180 0.896774
189 0.896552
191 0.903941
199 0.912698
201 0.934473
210 0.935385
213 0.936667
225 0.942029
232 0.944664
249 0.97619
252 0.988304
276 0.986928
289 0.992647
348 1
373 1
377 1
391 1
422 1
457 1
545 1
659 1
665 1
723 1
762 1
926 1
1177 1
1289 1
2070 1
#
Degree rich-club connectivity linefit: 1.63415 0.99956
Core 0 2460 2458
Core 1 2924 5815
Core 2 1470 4345
Core 3 804 3170
Core 4 409 2009
Core 5 295 1750
Core 6 193 1333
Core 7 135 1063
Core 8 71 634
Core 9 90 886
Core 10 68 730
Core 11 39 462
Core 12 34 435
Core 13 37 509
Core 14 15 225
Core 15 18 287
Core 16 12 203
Core 17 16 285
Core 18 17 319
Core 19 6 120
Core 20 4 84
Core 21 10 216
Core 22 5 115
Core 23 11 260
Core 24 3 74
Core 25 7 181
Core 26 4 108
Node coreness distribution:
0 2460
1 2924
2 1470
3 804
4 409
5 295
6 193
7 135
8 71
9 90
10 68
11 39
12 34
13 37
14 15
15 18
16 12
17 16
18 17
19 6
20 4
21 10
22 5
23 11
24 3
25 7
26 4
27 47
#
Coreness distribution 
linefit: -2.74812 0.996428
Average Clustering: 0.456656
Transitivity: 0.0257811
====
Degree 1 0.264885
Degree 2 0.301717
Degree 3 0.147545
Degree 4 0.0796393
Degree other 0.206215
Max degree: 2070
Average degree: 9204 28959 6.2927
Degree distribution linefit: -2.22904 0.999608
Assortative coefficient: -0.236259
Average neighbors' degree:
1 143.391
2 149.471
3 145.413
4 137.742
5 130.494
6 137.001
7 127.709
8 123.201
9 130.382
10 119.032
11 117.225
12 113.843
13 115.994
14 118.958
15 100.314
16 98.507
17 111.145
18 93.0204
19 102.592
20 92.7752
21 95.4254
22 92.6372
23 86.647
24 99.2166
25 92.1083
26 95.0703
27 93.7281
28 86.9579
29 94.965
30 80.0573
31 74.8596
32 79.8401
33 85.439
34 75.2142
35 77.2106
36 77.5546
37 82.1767
38 70.4492
39 76.1784
40 77.9356
41 75.2541
42 69.472
43 71.8588
44 61.6443
45 71.9023
46 65.3878
49 65.1376
50 61.0167
51 53.9561
52 67.0924
53 64.2179
54 61.6588
55 64.1166
56 63.4919
57 60.683
58 64.5658
59 56.4658
60 52.2828
61 45.2446
62 60.472
63 62.9048
64 57.5046
65 51.9992
66 62.0103
68 56.0617
69 50.4565
71 57.7971
72 49.6298
73 60.1436
75 50.0093
76 51.6785
77 48.7145
78 49.402
81 46.3991
82 53.0619
85 45.872
87 55.8977
88 46.8364
90 41.2824
92 45.4564
93 51.0132
101 43.5236
102 47.4094
106 48.301
107 40.7118
111 41.6871
119 41.478
120 40.7165
123 34.8733
124 38.3624
126 41.4111
127 40.2441
130 40.1026
131 41.1358
133 37.6711
135 35.8322
141 37.2637
143 39.613
146 37.2197
150 32.0869
155 34.8115
172 29.0998
177 31.3483
179 32.992
180 31.5622
189 31.0867
191 30.034
199 29.8711
201 26.9348
210 28.0037
213 24.9786
225 25.0336
232 25.8195
249 23.3981
252 24.6998
276 23.9327
289 19.977
348 18.8597
373 18.1827
377 17.242
391 17.5781
422 15.8892
457 16.0639
545 13.4596
659 12.3857
665 11.894
723 11.5284
762 10.8521
926 9.57948
1177 8.11638
1289 7.54455
1417 6.86662
2070 5.3951
#
Average neighbors' degree linefit: -0.324539 0.947546
Max clique: 9
Rich-club connectivity: 0.444816
DR data:
2 0.00116062
3 0.00268316
4 0.00512838
5 0.00846825
6 0.012295
7 0.016235
8 0.020958
9 0.0259332
10 0.0309252
11 0.0368713
12 0.042906
13 0.050128
14 0.0568286
15 0.063972
16 0.0715935
17 0.0763601
18 0.0840336
19 0.0903329
20 0.0993796
21 0.105803
22 0.118751
23 0.129309
24 0.135547
25 0.142917
26 0.148367
27 0.161623
28 0.16686
29 0.171333
30 0.177433
31 0.192503
32 0.201269
33 0.212671
34 0.227192
35 0.243163
36 0.252516
37 0.259884
38 0.269227
39 0.277886
40 0.284188
41 0.288183
42 0.299055
43 0.303704
44 0.312625
45 0.327111
46 0.335199
49 0.356222
50 0.365044
51 0.368565
52 0.372318
53 0.379545
54 0.392308
55 0.396751
56 0.407921
57 0.410707
58 0.414966
59 0.422466
60 0.430907
61 0.440159
62 0.455431
63 0.464734
64 0.473324
65 0.483075
66 0.494731
68 0.500309
69 0.512171
71 0.52529
72 0.541281
73 0.548706
75 0.554773
76 0.568944
77 0.583406
78 0.590683
81 0.602885
82 0.608631
85 0.614951
87 0.62348
88 0.626776
90 0.635028
92 0.645237
93 0.655172
101 0.662907
102 0.673377
106 0.678788
107 0.684137
111 0.689405
119 0.696078
120 0.702745
123 0.71102
124 0.720238
126 0.730496
127 0.73543
130 0.741063
131 0.745455
133 0.751586
135 0.75526
141 0.760743
143 0.773077
146 0.775978
150 0.788288
155 0.813445
172 0.819964
177 0.831439
179 0.836694
180 0.836559
189 0.83908
191 0.839901
199 0.846561
201 0.849003
210 0.858462
213 0.863333
225 0.873188
232 0.885375
249 0.9
252 0.900585
276 0.901961
289 0.897059
348 0.916667
373 0.914286
377 0.923077
391 0.948718
422 0.954545
457 0.981818
545 0.977778
659 1
665 1
723 1
762 1
926 1
1177 1
1289 1
2070 1
#
Degree rich-club connectivity linefit: 1.63353 0.998978
Core 0 2594 2548
Core 1 3044 5866
Core 2 1357 3978
Core 3 720 2811
Core 4 365 1793
Core 5 250 1470
Core 6 154 1071
Core 7 128 1018
Core 8 109 975
Core 9 63 621
Core 10 52 569
Core 11 41 488
Core 12 28 364
Core 13 41 566
Core 14 38 563
Core 15 25 397
Core 16 23 389
Core 17 16 286
Core 18 20 376
Core 19 15 298
Core 20 7 146
Core 21 29 633
Core 22 13 295
Core 23 3 71
Core 24 12 295
Core 25 1 26
Node coreness distribution:
0 2594
1 3044
2 1357
3 720
4 365
5 250
6 154
7 128
8 109
9 63
10 52
11 41
12 28
13 41
14 38
15 25
16 23
17 16
18 20
19 15
20 7
21 29
22 13
23 3
24 12
25 1
26 56
#
Coreness distribution 
linefit: -2.625 0.986961
Average Clustering: 0.246622
Transitivity: 0.0221458
====
Degree 1 0.264885
Degree 2 0.301717
Degree 3 0.147545
Degree 4 0.0796393
Degree other 0.206215
Max degree: 2070
Average degree: 9204 28959 6.2927
Degree distribution linefit: -2.22904 0.999608
Assortative coefficient: -0.236259
Average neighbors' degree:
1 143.391
2 149.471
3 145.413
4 137.742
5 130.494
6 137.001
7 127.709
8 123.201
9 130.382
10 119.032
11 117.225
12 113.843
13 115.994
14 118.958
15 100.314
16 98.507
17 111.145
18 93.0204
19 102.592
20 92.7752
21 95.4254
22 92.6372
23 86.647
24 99.2166
25 92.1083
26 95.0703
27 93.7281
28 86.9579
29 94.965
30 80.0573
31 74.8596
32 79.8401
33 85.439
34 75.2142
35 77.2106
36 77.5546
37 82.1767
38 70.4492
39 76.1784
40 77.9356
41 75.2541
42 69.472
43 71.8588
44 61.6443
45 71.9023
46 65.3878
49 65.1376
50 61.0167
51 53.9561
52 67.0924
53 64.2179
54 61.6588
55 64.1166
56 63.4919
57 60.683
58 64.5658
59 56.4658
60 52.2828
61 45.2446
62 60.472
63 62.9048
64 57.5046
65 51.9992
66 62.0103
68 56.0617
69 50.4565
71 57.7971
72 49.6298
73 60.1436
75 50.0093
76 51.6785
77 48.7145
78 49.402
81 46.3991
82 53.0619
85 45.872
87 55.8977
88 46.8364
90 41.2824
92 45.4564
93 51.0132
101 43.5236
102 47.4094
106 48.301
107 40.7118
111 41.6871
119 41.478
120 40.7165
123 34.8733
124 38.3624
126 41.4111
127 40.2441
130 40.1026
131 41.1358
133 37.6711
135 35.8322
141 37.2637
143 39.613
146 37.2197
150 32.0869
155 34.8115
172 29.0998
177 31.3483
179 32.992
180 31.5622
189 31.0867
191 30.034
199 29.8711
201 26.9348
210 28.0037
213 24.9786
225 25.0336
232 25.8195
249 23.3981
252 24.6998
276 23.9327
289 19.977
348 18.8597
373 18.1827
377 17.242
391 17.5781
422 15.8892
457 16.0639
545 13.4596
659 12.3857
665 11.894
723 11.5284
762 10.8521
926 9.57948
1177 8.11638
1289 7.54455
1417 6.86662
2070 5.3951
#
Average neighbors' degree linefit: -0.324539 0.947546
Max clique: 9
Rich-club connectivity: 0.444816
DR data:
2 0.00116062
3 0.00268316
4 0.00512838
5 0.00846825
6 0.012295
7 0.016235
8 0.020958
9 0.0259332
10 0.0309252
11 0.0368713
12 0.042906
13 0.050128
14 0.0568286
15 0.063972
16 0.0715935
17 0.0763601
18 0.0840336
19 0.0903329
20 0.0993796
21 0.105803
22 0.118751
23 0.129309
24 0.135547
25 0.142917
26 0.148367
27 0.161623
28 0.16686
29 0.171333
30 0.177433
31 0.192503
32 0.201269
33 0.212671
34 0.227192
35 0.243163
36 0.252516
37 0.259884
38 0.269227
39 0.277886
40 0.284188
41 0.288183
42 0.299055
43 0.303704
44 0.312625
45 0.327111
46 0.335199
49 0.356222
50 0.365044
51 0.368565
52 0.372318
53 0.379545
54 0.392308
55 0.396751
56 0.407921
57 0.410707
58 0.414966
59 0.422466
60 0.430907
61 0.440159
62 0.455431
63 0.464734
64 0.473324
65 0.483075
66 0.494731
68 0.500309
69 0.512171
71 0.52529
72 0.541281
73 0.548706
75 0.554773
76 0.568944
77 0.583406
78 0.590683
81 0.602885
82 0.608631
85 0.614951
87 0.62348
88 0.626776
90 0.635028
92 0.645237
93 0.655172
101 0.662907
102 0.673377
106 0.678788
107 0.684137
111 0.689405
119 0.696078
120 0.702745
123 0.71102
124 0.720238
126 0.730496
127 0.73543
130 0.741063
131 0.745455
133 0.751586
135 0.75526
141 0.760743
143 0.773077
146 0.775978
150 0.788288
155 0.813445
172 0.819964
177 0.831439
179 0.836694
180 0.836559
189 0.83908
191 0.839901
199 0.846561
201 0.849003
210 0.858462
213 0.863333
225 0.873188
232 0.885375
249 0.9
252 0.900585
276 0.901961
289 0.897059
348 0.916667
373 0.914286
377 0.923077
391 0.948718
422 0.954545
457 0.981818
545 0.977778
659 1
665 1
723 1
762 1
926 1
1177 1
1289 1
2070 1
#
Degree rich-club connectivity linefit: 1.63353 0.998978
Core 0 2594 2548
Core 1 3044 5866
Core 2 1357 3978
Core 3 720 2811
Core 4 365 1793
Core 5 250 1470
Core 6 154 1071
Core 7 128 1018
Core 8 109 975
Core 9 63 621
Core 10 52 569
Core 11 41 488
Core 12 28 364
Core 13 41 566
Core 14 38 563
Core 15 25 397
Core 16 23 389
Core 17 16 286
Core 18 20 376
Core 19 15 298
Core 20 7 146
Core 21 29 633
Core 22 13 295
Core 23 3 71
Core 24 12 295
Core 25 1 26
Node coreness distribution:
0 2594
1 3044
2 1357
3 720
4 365
5 250
6 154
7 128
8 109
9 63
10 52
11 41
12 28
13 41
14 38
15 25
16 23
17 16
18 20
19 15
20 7
21 29
22 13
23 3
24 12
25 1
26 56
#
Coreness distribution 
linefit: -2.625 0.986961
Average Clustering: 0.246622
Transitivity: 0.0221458
====
Degree 1 0.264885
Degree 2 0.301717
Degree 3 0.147545
Degree 4 0.0796393
Degree other 0.206215
Max degree: 2070
Average degree: 9204 28959 6.2927
Degree distribution linefit: -2.22904 0.999608
Assortative coefficient: -0.236259
Average neighbors' degree:
1 143.391
2 149.471
3 145.413
4 137.742
5 130.494
6 137.001
7 127.709
8 123.201
9 130.382
10 119.032
11 117.225
12 113.843
13 115.994
14 118.958
15 100.314
16 98.507
17 111.145
18 93.0204
19 102.592
20 92.7752
21 95.4254
22 92.6372
23 86.647
24 99.2166
25 92.1083
26 95.0703
27 93.7281
28 86.9579
29 94.965
30 80.0573
31 74.8596
32 79.8401
33 85.439
34 75.2142
35 77.2106
36 77.5546
37 82.1767
38 70.4492
39 76.1784
40 77.9356
41 75.2541
42 69.472
43 71.8588
44 61.6443
45 71.9023
46 65.3878
49 65.1376
50 61.0167
51 53.9561
52 67.0924
53 64.2179
54 61.6588
55 64.1166
56 63.4919
57 60.683
58 64.5658
59 56.4658
60 52.2828
61 45.2446
62 60.472
63 62.9048
64 57.5046
65 51.9992
66 62.0103
68 56.0617
69 50.4565
71 57.7971
72 49.6298
73 60.1436
75 50.0093
76 51.6785
77 48.7145
78 49.402
81 46.3991
82 53.0619
85 45.872
87 55.8977
88 46.8364
90 41.2824
92 45.4564
93 51.0132
101 43.5236
102 47.4094
106 48.301
107 40.7118
111 41.6871
119 41.478
120 40.7165
123 34.8733
124 38.3624
126 41.4111
127 40.2441
130 40.1026
131 41.1358
133 37.6711
135 35.8322
141 37.2637
143 39.613
146 37.2197
150 32.0869
155 34.8115
172 29.0998
177 31.3483
179 32.992
180 31.5622
189 31.0867
191 30.034
199 29.8711
201 26.9348
210 28.0037
213 24.9786
225 25.0336
232 25.8195
249 23.3981
252 24.6998
276 23.9327
289 19.977
348 18.8597
373 18.1827
377 17.242
391 17.5781
422 15.8892
457 16.0639
545 13.4596
659 12.3857
665 11.894
723 11.5284
762 10.8521
926 9.57948
1177 8.11638
1289 7.54455
1417 6.86662
2070 5.3951
#
Average neighbors' degree linefit: -0.324539 0.947546
Max clique: 9
Rich-club connectivity: 0.444816
DR data:
2 0.00116062
3 0.00268316
4 0.00512838
5 0.00846825
6 0.012295
7 0.016235
8 0.020958
9 0.0259332
10 0.0309252
11 0.0368713
12 0.042906
13 0.050128
14 0.0568286
15 0.063972
16 0.0715935
17 0.0763601
18 0.0840336
19 0.0903329
20 0.0993796
21 0.105803
22 0.118751
23 0.129309
24 0.135547
25 0.142917
26 0.148367
27 0.161623
28 0.16686
29 0.171333
30 0.177433
31 0.192503
32 0.201269
33 0.212671
34 0.227192
35 0.243163
36 0.252516
37 0.259884
38 0.269227
39 0.277886
40 0.284188
41 0.288183
42 0.299055
43 0.303704
44 0.312625
45 0.327111
46 0.335199
49 0.356222
50 0.365044
51 0.368565
52 0.372318
53 0.379545
54 0.392308
55 0.396751
56 0.407921
57 0.410707
58 0.414966
59 0.422466
60 0.430907
61 0.440159
62 0.455431
63 0.464734
64 0.473324
65 0.483075
66 0.494731
68 0.500309
69 0.512171
71 0.52529
72 0.541281
73 0.548706
75 0.554773
76 0.568944
77 0.583406
78 0.590683
81 0.602885
82 0.608631
85 0.614951
87 0.62348
88 0.626776
90 0.635028
92 0.645237
93 0.655172
101 0.662907
102 0.673377
106 0.678788
107 0.684137
111 0.689405
119 0.696078
120 0.702745
123 0.71102
124 0.720238
126 0.730496
127 0.73543
130 0.741063
131 0.745455
133 0.751586
135 0.75526
141 0.760743
143 0.773077
146 0.775978
150 0.788288
155 0.813445
172 0.819964
177 0.831439
179 0.836694
180 0.836559
189 0.83908
191 0.839901
199 0.846561
201 0.849003
210 0.858462
213 0.863333
225 0.873188
232 0.885375
249 0.9
252 0.900585
276 0.901961
289 0.897059
348 0.916667
373 0.914286
377 0.923077
391 0.948718
422 0.954545
457 0.981818
545 0.977778
659 1
665 1
723 1
762 1
926 1
1177 1
1289 1
2070 1
#
Degree rich-club connectivity linefit: 1.63353 0.998978
Core 0 2594 2548
Core 1 3044 5866
Core 2 1357 3978
Core 3 720 2811
Core 4 365 1793
Core 5 250 1470
Core 6 154 1071
Core 7 128 1018
Core 8 109 975
Core 9 63 621
Core 10 52 569
Core 11 41 488
Core 12 28 364
Core 13 41 566
Core 14 38 563
Core 15 25 397
Core 16 23 389
Core 17 16 286
Core 18 20 376
Core 19 15 298
Core 20 7 146
Core 21 29 633
Core 22 13 295
Core 23 3 71
Core 24 12 295
Core 25 1 26
Node coreness distribution:
0 2594
1 3044
2 1357
3 720
4 365
5 250
6 154
7 128
8 109
9 63
10 52
11 41
12 28
13 41
14 38
15 25
16 23
17 16
18 20
19 15
20 7
21 29
22 13
23 3
24 12
25 1
26 56
#
Coreness distribution 
linefit: -2.625 0.986961
Average Clustering: 0.246622
Transitivity: 0.0221458
====
Degree 1 0.264885
Degree 2 0.301717
Degree 3 0.147545
Degree 4 0.0796393
Degree other 0.206215
Max degree: 2070
Average degree: 9204 28959 6.2927
Degree distribution linefit: -2.22904 0.999608
Assortative coefficient: -0.236259
Average neighbors' degree:
1 143.391
2 149.471
3 145.413
4 137.742
5 130.494
6 137.001
7 127.709
8 123.201
9 130.382
10 119.032
11 117.225
12 113.843
13 115.994
14 118.958
15 100.314
16 98.507
17 111.145
18 93.0204
19 102.592
20 92.7752
21 95.4254
22 92.6372
23 86.647
24 99.2166
25 92.1083
26 95.0703
27 93.7281
28 86.9579
29 94.965
30 80.0573
31 74.8596
32 79.8401
33 85.439
34 75.2142
35 77.2106
36 77.5546
37 82.1767
38 70.4492
39 76.1784
40 77.9356
41 75.2541
42 69.472
43 71.8588
44 61.6443
45 71.9023
46 65.3878
49 65.1376
50 61.0167
51 53.9561
52 67.0924
53 64.2179
54 61.6588
55 64.1166
56 63.4919
57 60.683
58 64.5658
59 56.4658
60 52.2828
61 45.2446
62 60.472
63 62.9048
64 57.5046
65 51.9992
66 62.0103
68 56.0617
69 50.4565
71 57.7971
72 49.6298
73 60.1436
75 50.0093
76 51.6785
77 48.7145
78 49.402
81 46.3991
82 53.0619
85 45.872
87 55.8977
88 46.8364
90 41.2824
92 45.4564
93 51.0132
101 43.5236
102 47.4094
106 48.301
107 40.7118
111 41.6871
119 41.478
120 40.7165
123 34.8733
124 38.3624
126 41.4111
127 40.2441
130 40.1026
131 41.1358
133 37.6711
135 35.8322
141 37.2637
143 39.613
146 37.2197
150 32.0869
155 34.8115
172 29.0998
177 31.3483
179 32.992
180 31.5622
189 31.0867
191 30.034
199 29.8711
201 26.9348
210 28.0037
213 24.9786
225 25.0336
232 25.8195
249 23.3981
252 24.6998
276 23.9327
289 19.977
348 18.8597
373 18.1827
377 17.242
391 17.5781
422 15.8892
457 16.0639
545 13.4596
659 12.3857
665 11.894
723 11.5284
762 10.8521
926 9.57948
1177 8.11638
1289 7.54455
1417 6.86662
2070 5.3951
#
Average neighbors' degree linefit: -0.324539 0.947546
Max clique: 9
Rich-club connectivity: 0.444816
DR data:
2 0.00116062
3 0.00268316
4 0.00512838
5 0.00846825
6 0.012295
7 0.016235
8 0.020958
9 0.0259332
10 0.0309252
11 0.0368713
12 0.042906
13 0.050128
14 0.0568286
15 0.063972
16 0.0715935
17 0.0763601
18 0.0840336
19 0.0903329
20 0.0993796
21 0.105803
22 0.118751
23 0.129309
24 0.135547
25 0.142917
26 0.148367
27 0.161623
28 0.16686
29 0.171333
30 0.177433
31 0.192503
32 0.201269
33 0.212671
34 0.227192
35 0.243163
36 0.252516
37 0.259884
38 0.269227
39 0.277886
40 0.284188
41 0.288183
42 0.299055
43 0.303704
44 0.312625
45 0.327111
46 0.335199
49 0.356222
50 0.365044
51 0.368565
52 0.372318
53 0.379545
54 0.392308
55 0.396751
56 0.407921
57 0.410707
58 0.414966
59 0.422466
60 0.430907
61 0.440159
62 0.455431
63 0.464734
64 0.473324
65 0.483075
66 0.494731
68 0.500309
69 0.512171
71 0.52529
72 0.541281
73 0.548706
75 0.554773
76 0.568944
77 0.583406
78 0.590683
81 0.602885
82 0.608631
85 0.614951
87 0.62348
88 0.626776
90 0.635028
92 0.645237
93 0.655172
101 0.662907
102 0.673377
106 0.678788
107 0.684137
111 0.689405
119 0.696078
120 0.702745
123 0.71102
124 0.720238
126 0.730496
127 0.73543
130 0.741063
131 0.745455
133 0.751586
135 0.75526
141 0.760743
143 0.773077
146 0.775978
150 0.788288
155 0.813445
172 0.819964
177 0.831439
179 0.836694
180 0.836559
189 0.83908
191 0.839901
199 0.846561
201 0.849003
210 0.858462
213 0.863333
225 0.873188
232 0.885375
249 0.9
252 0.900585
276 0.901961
289 0.897059
348 0.916667
373 0.914286
377 0.923077
391 0.948718
422 0.954545
457 0.981818
545 0.977778
659 1
665 1
723 1
762 1
926 1
1177 1
1289 1
2070 1
#
Degree rich-club connectivity linefit: 1.63353 0.998978
Core 0 2594 2548
Core 1 3044 5866
Core 2 1357 3978
Core 3 720 2811
Core 4 365 1793
Core 5 250 1470
Core 6 154 1071
Core 7 128 1018
Core 8 109 975
Core 9 63 621
Core 10 52 569
Core 11 41 488
Core 12 28 364
Core 13 41 566
Core 14 38 563
Core 15 25 397
Core 16 23 389
Core 17 16 286
Core 18 20 376
Core 19 15 298
Core 20 7 146
Core 21 29 633
Core 22 13 295
Core 23 3 71
Core 24 12 295
Core 25 1 26
Node coreness distribution:
0 2594
1 3044
2 1357
3 720
4 365
5 250
6 154
7 128
8 109
9 63
10 52
11 41
12 28
13 41
14 38
15 25
16 23
17 16
18 20
19 15
20 7
21 29
22 13
23 3
24 12
25 1
26 56
#
Coreness distribution 
linefit: -2.625 0.986961
Average Clustering: 0.246622
Transitivity: 0.0221458
====
Degree 1 0.264885
Degree 2 0.301717
Degree 3 0.147545
Degree 4 0.0796393
Degree other 0.206215
Max degree: 2070
Average degree: 9204 28959 6.2927
Degree distribution linefit: -2.22904 0.999608
Assortative coefficient: -0.236259
Average neighbors' degree:
1 143.391
2 149.471
3 145.413
4 137.742
5 130.494
6 137.001
7 127.709
8 123.201
9 130.382
10 119.032
11 117.225
12 113.843
13 115.994
14 118.958
15 100.314
16 98.507
17 111.145
18 93.0204
19 102.592
20 92.7752
21 95.4254
22 92.6372
23 86.647
24 99.2166
25 92.1083
26 95.0703
27 93.7281
28 86.9579
29 94.965
30 80.0573
31 74.8596
32 79.8401
33 85.439
34 75.2142
35 77.2106
36 77.5546
37 82.1767
38 70.4492
39 76.1784
40 77.9356
41 75.2541
42 69.472
43 71.8588
44 61.6443
45 71.9023
46 65.3878
49 65.1376
50 61.0167
51 53.9561
52 67.0924
53 64.2179
54 61.6588
55 64.1166
56 63.4919
57 60.683
58 64.5658
59 56.4658
60 52.2828
61 45.2446
62 60.472
63 62.9048
64 57.5046
65 51.9992
66 62.0103
68 56.0617
69 50.4565
71 57.7971
72 49.6298
73 60.1436
75 50.0093
76 51.6785
77 48.7145
78 49.402
81 46.3991
82 53.0619
85 45.872
87 55.8977
88 46.8364
90 41.2824
92 45.4564
93 51.0132
101 43.5236
102 47.4094
106 48.301
107 40.7118
111 41.6871
119 41.478
120 40.7165
123 34.8733
124 38.3624
126 41.4111
127 40.2441
130 40.1026
131 41.1358
133 37.6711
135 35.8322
141 37.2637
143 39.613
146 37.2197
150 32.0869
155 34.8115
172 29.0998
177 31.3483
179 32.992
180 31.5622
189 31.0867
191 30.034
199 29.8711
201 26.9348
210 28.0037
213 24.9786
225 25.0336
232 25.8195
249 23.3981
252 24.6998
276 23.9327
289 19.977
348 18.8597
373 18.1827
377 17.242
391 17.5781
422 15.8892
457 16.0639
545 13.4596
659 12.3857
665 11.894
723 11.5284
762 10.8521
926 9.57948
1177 8.11638
1289 7.54455
1417 6.86662
2070 5.3951
#
Average neighbors' degree linefit: -0.324539 0.947546
Max clique: 9
Rich-club connectivity: 0.444816
DR data:
2 0.00116062
3 0.00268316
4 0.00512838
5 0.00846825
6 0.012295
7 0.016235
8 0.020958
9 0.0259332
10 0.0309252
11 0.0368713
12 0.042906
13 0.050128
14 0.0568286
15 0.063972
16 0.0715935
17 0.0763601
18 0.0840336
19 0.0903329
20 0.0993796
21 0.105803
22 0.118751
23 0.129309
24 0.135547
25 0.142917
26 0.148367
27 0.161623
28 0.16686
29 0.171333
30 0.177433
31 0.192503
32 0.201269
33 0.212671
34 0.227192
35 0.243163
36 0.252516
37 0.259884
38 0.269227
39 0.277886
40 0.284188
41 0.288183
42 0.299055
43 0.303704
44 0.312625
45 0.327111
46 0.335199
49 0.356222
50 0.365044
51 0.368565
52 0.372318
53 0.379545
54 0.392308
55 0.396751
56 0.407921
57 0.410707
58 0.414966
59 0.422466
60 0.430907
61 0.440159
62 0.455431
63 0.464734
64 0.473324
65 0.483075
66 0.494731
68 0.500309
69 0.512171
71 0.52529
72 0.541281
73 0.548706
75 0.554773
76 0.568944
77 0.583406
78 0.590683
81 0.602885
82 0.608631
85 0.614951
87 0.62348
88 0.626776
90 0.635028
92 0.645237
93 0.655172
101 0.662907
102 0.673377
106 0.678788
107 0.684137
111 0.689405
119 0.696078
120 0.702745
123 0.71102
124 0.720238
126 0.730496
127 0.73543
130 0.741063
131 0.745455
133 0.751586
135 0.75526
141 0.760743
143 0.773077
146 0.775978
150 0.788288
155 0.813445
172 0.819964
177 0.831439
179 0.836694
180 0.836559
189 0.83908
191 0.839901
199 0.846561
201 0.849003
210 0.858462
213 0.863333
225 0.873188
232 0.885375
249 0.9
252 0.900585
276 0.901961
289 0.897059
348 0.916667
373 0.914286
377 0.923077
391 0.948718
422 0.954545
457 0.981818
545 0.977778
659 1
665 1
723 1
762 1
926 1
1177 1
1289 1
2070 1
#
Degree rich-club connectivity linefit: 1.63353 0.998978
Core 0 2594 2548
Core 1 3044 5866
Core 2 1357 3978
Core 3 720 2811
Core 4 365 1793
Core 5 250 1470
Core 6 154 1071
Core 7 128 1018
Core 8 109 975
Core 9 63 621
Core 10 52 569
Core 11 41 488
Core 12 28 364
Core 13 41 566
Core 14 38 563
Core 15 25 397
Core 16 23 389
Core 17 16 286
Core 18 20 376
Core 19 15 298
Core 20 7 146
Core 21 29 633
Core 22 13 295
Core 23 3 71
Core 24 12 295
Core 25 1 26
Node coreness distribution:
0 2594
1 3044
2 1357
3 720
4 365
5 250
6 154
7 128
8 109
9 63
10 52
11 41
12 28
13 41
14 38
15 25
16 23
17 16
18 20
19 15
20 7
21 29
22 13
23 3
24 12
25 1
26 56
#
Coreness distribution 
linefit: -2.625 0.986961
Average Clustering: 0.246622
Transitivity: 0.0221458
====
